 0.00000000e+00 -5.06283604e-01
 2.50000000e-07 7.26851471e-01
 5.00000000e-07 -1.29049704e+00
 7.50000000e-07 1.04187336e-01
 1.00000000e-06 4.83255394e-01
 1.25000000e-06 -1.14131126e-02
 1.50000000e-06 1.03223121e+00
 1.75000000e-06 -6.93591480e-01
 2.00000000e-06 -4.60200580e-01
 2.25000000e-06 9.38584873e-01
 2.50000000e-06 -1.85537142e-01
 2.75000000e-06 2.97335189e-01
 3.00000000e-06 -1.32930817e+00
 3.25000000e-06 -1.43935056e+00
 3.50000000e-06 -3.19243478e-01
 3.75000000e-06 -5.17273955e-01
 4.00000000e-06 -1.84087686e+00
 4.25000000e-06 1.01615401e+00
 4.50000000e-06 -2.38351281e+00
 4.75000000e-06 -2.02607260e-03
 5.00000000e-06 1.37491765e-01
 5.25000000e-06 -1.94047498e+00
 5.50000000e-06 1.96896125e+00
 5.75000000e-06 -7.26432211e-03
 6.00000000e-06 4.92315395e-01
 6.25000000e-06 -1.03858783e-01
 6.50000000e-06 1.50177031e+00
 6.75000000e-06 -8.31715002e-01
 7.00000000e-06 -1.46493914e+00
 7.25000000e-06 -8.94634904e-01
 7.50000000e-06 8.29665487e-02
 7.75000000e-06 1.47024935e+00
 8.00000000e-06 -9.65879026e-01
 8.25000000e-06 1.17739669e+00
 8.50000000e-06 -1.51537052e+00
 8.75000000e-06 -4.22148173e-01
 9.00000000e-06 -1.85719195e-01
 9.25000000e-06 4.86071849e-01
 9.50000000e-06 8.27157803e-01
 9.75000000e-06 4.29646302e-01
 1.00000000e-05 -8.94665292e-01
 1.02500000e-05 1.33499569e+00
 1.05000000e-05 -2.43629105e-01
 1.07500000e-05 1.18101696e+00
 1.10000000e-05 -2.82120322e-01
 1.12500000e-05 7.52762390e-01
 1.15000000e-05 -1.07697566e+00
 1.17500000e-05 3.75242666e-01
 1.20000000e-05 1.85915689e+00
 1.22500000e-05 1.73274162e+00
 1.25000000e-05 -1.19388073e-01
 1.27500000e-05 9.73758541e-01
 1.30000000e-05 -2.86231953e-01
 1.32500000e-05 1.33157403e+00
 1.35000000e-05 -4.56718984e-01
 1.37500000e-05 6.26995276e-01
 1.40000000e-05 9.20774950e-01
 1.42500000e-05 4.94465360e-01
 1.45000000e-05 -1.06065320e-01
 1.47500000e-05 2.10606865e+00
 1.50000000e-05 -1.43075427e+00
 1.52500000e-05 3.02522050e-01
 1.55000000e-05 1.62712546e+00
 1.57500000e-05 2.53525606e+00
 1.60000000e-05 -1.05876520e+00
 1.62500000e-05 -8.03905171e-01
 1.65000000e-05 5.16000949e-02
 1.67500000e-05 -1.52650649e-01
 1.70000000e-05 -2.03982643e+00
 1.72500000e-05 9.58502141e-01
 1.75000000e-05 4.52839607e-01
 1.77500000e-05 -7.30313116e-01
 1.80000000e-05 -7.80925352e-01
 1.82500000e-05 6.52312478e-01
 1.85000000e-05 1.56648825e+00
 1.87500000e-05 2.73039306e-01
 1.90000000e-05 3.73382442e-01
 1.92500000e-05 2.25634951e-01
 1.95000000e-05 -2.77813351e-01
 1.97500000e-05 -8.93167203e-01
 2.00000000e-05 -7.02068948e-01
 2.02500000e-05 7.02113167e-01
 2.05000000e-05 1.45114968e+00
 2.07500000e-05 8.18602148e-01
 2.10000000e-05 -4.00232404e-01
 2.12500000e-05 1.63675591e+00
 2.15000000e-05 -1.16566404e+00
 2.17500000e-05 1.41475600e+00
 2.20000000e-05 -7.43699413e-02
 2.22500000e-05 -1.38171385e-01
 2.25000000e-05 -1.74644530e+00
 2.27500000e-05 -1.44681844e+00
 2.30000000e-05 2.52181024e-01
 2.32500000e-05 -1.82693860e+00
 2.35000000e-05 4.91567920e-02
 2.37500000e-05 1.34086725e+00
 2.40000000e-05 9.32674754e-01
 2.42500000e-05 -6.47179364e-01
 2.45000000e-05 -2.86602679e+00
 2.47500000e-05 -4.79750354e-01
 2.50000000e-05 1.01811139e+00
 2.52500000e-05 9.26080005e-02
 2.55000000e-05 -1.23612297e+00
 2.57500000e-05 -8.33877850e-01
 2.60000000e-05 3.43681628e-01
 2.62500000e-05 -1.34818335e+00
 2.65000000e-05 1.28641790e+00
 2.67500000e-05 1.43944842e+00
 2.70000000e-05 9.76372549e-01
 2.72500000e-05 2.75136143e-01
 2.75000000e-05 -1.27587641e+00
 2.77500000e-05 -4.27942195e-01
 2.80000000e-05 3.38843595e-01
 2.82500000e-05 -4.61470615e-01
 2.85000000e-05 -1.05194536e-01
 2.87500000e-05 -1.32263392e+00
 2.90000000e-05 -7.54949604e-01
 2.92500000e-05 -8.38577570e-02
 2.95000000e-05 -1.02901247e+00
 2.97500000e-05 5.83878377e-01
 3.00000000e-05 -1.47002409e+00
 3.02500000e-05 2.47577864e-02
 3.05000000e-05 5.10751985e-01
 3.07500000e-05 4.07054579e-01
 3.10000000e-05 -7.35270343e-01
 3.12500000e-05 -8.08209454e-01
 3.15000000e-05 1.33865333e+00
 3.17500000e-05 1.33851538e-01
 3.20000000e-05 -4.11698739e-02
 3.22500000e-05 8.90205306e-02
 3.25000000e-05 5.15556333e-01
 3.27500000e-05 -1.18963042e+00
 3.30000000e-05 1.15344901e+00
 3.32500000e-05 1.87141503e+00
 3.35000000e-05 -3.28266771e-01
 3.37500000e-05 4.11452182e-01
 3.40000000e-05 -2.30145662e-01
 3.42500000e-05 8.67279197e-01
 3.45000000e-05 7.05523426e-01
 3.47500000e-05 3.66858706e-01
 3.50000000e-05 4.10192766e-01
 3.52500000e-05 6.11004115e-01
 3.55000000e-05 1.25935568e+00
 3.57500000e-05 -3.11514823e-01
 3.60000000e-05 -6.02901706e-02
 3.62500000e-05 -8.09937401e-01
 3.65000000e-05 -2.08143520e+00
 3.67500000e-05 6.16759738e-01
 3.70000000e-05 2.53463169e-02
 3.72500000e-05 1.77956986e+00
 3.75000000e-05 4.44126902e-02
 3.77500000e-05 -1.32057021e+00
 3.80000000e-05 9.34595618e-01
 3.82500000e-05 7.97190538e-01
 3.85000000e-05 2.03450245e-01
 3.87500000e-05 8.85102202e-01
 3.90000000e-05 7.09364647e-02
 3.92500000e-05 7.32059445e-02
 3.95000000e-05 -2.34845621e-01
 3.97500000e-05 1.61284501e+00
 4.00000000e-05 1.07679689e-01
 4.02500000e-05 1.58784086e+00
 4.05000000e-05 -3.68259171e-01
 4.07500000e-05 1.05014842e-01
 4.10000000e-05 4.18506525e-02
 4.12500000e-05 1.46919520e-01
 4.15000000e-05 -8.98724707e-01
 4.17500000e-05 5.80742879e-02
 4.20000000e-05 1.07049588e+00
 4.22500000e-05 7.37558602e-01
 4.25000000e-05 4.84038643e-01
 4.27500000e-05 -4.80281799e-02
 4.30000000e-05 1.86409876e+00
 4.32500000e-05 5.22391104e-01
 4.35000000e-05 2.03890529e+00
 4.37500000e-05 1.34737828e+00
 4.40000000e-05 1.06493422e+00
 4.42500000e-05 -4.39848508e-01
 4.45000000e-05 1.45775605e+00
 4.47500000e-05 7.61541112e-01
 4.50000000e-05 -9.95664722e-01
 4.52500000e-05 -1.42950627e+00
 4.55000000e-05 -8.59197826e-02
 4.57500000e-05 -1.26167252e+00
 4.60000000e-05 -4.16548873e-01
 4.62500000e-05 -1.04019884e+00
 4.65000000e-05 -3.39542380e-01
 4.67500000e-05 4.47000595e-02
 4.70000000e-05 4.34452686e-01
 4.72500000e-05 1.57833666e-01
 4.75000000e-05 -4.63971744e-01
 4.77500000e-05 -3.96749414e-01
 4.80000000e-05 -2.95482942e-01
 4.82500000e-05 -9.42169908e-01
 4.85000000e-05 -1.92416517e+00
 4.87500000e-05 1.09638970e+00
 4.90000000e-05 -1.03393975e-02
 4.92500000e-05 1.32106300e+00
 4.95000000e-05 -8.51917941e-01
 4.97500000e-05 -1.47034027e-01
 5.00000000e-05 1.67163611e+00
 5.02500000e-05 5.74680109e-02
 5.05000000e-05 3.17150906e-01
 5.07500000e-05 -1.46824448e+00
 5.10000000e-05 -2.56171689e-01
 5.12500000e-05 1.00438875e+00
 5.15000000e-05 5.30422531e-01
 5.17500000e-05 -8.41313226e-01
 5.20000000e-05 -9.03851248e-01
 5.22500000e-05 1.75634863e+00
 5.25000000e-05 -2.09878599e-01
 5.27500000e-05 -1.38543173e+00
 5.30000000e-05 1.27926744e+00
 5.32500000e-05 9.31027823e-01
 5.35000000e-05 6.24887407e-02
 5.37500000e-05 5.62117183e-02
 5.40000000e-05 7.37967734e-01
 5.42500000e-05 1.21015626e+00
 5.45000000e-05 -6.94953828e-01
 5.47500000e-05 -9.15831682e-01
 5.50000000e-05 -1.02584677e+00
 5.52500000e-05 5.54578071e-01
 5.55000000e-05 5.19613414e-01
 5.57500000e-05 7.42875827e-03
 5.60000000e-05 2.28919471e+00
 5.62500000e-05 4.94401753e-01
 5.65000000e-05 3.76568650e-01
 5.67500000e-05 1.68615993e+00
 5.70000000e-05 4.01342599e-01
 5.72500000e-05 -5.47272523e-01
 5.75000000e-05 1.03403422e-01
 5.77500000e-05 6.97927122e-01
 5.80000000e-05 -2.05661199e-01
 5.82500000e-05 -1.46830298e-01
 5.85000000e-05 2.23359077e+00
 5.87500000e-05 -1.87042220e-01
 5.90000000e-05 -2.05103313e-01
 5.92500000e-05 2.48980124e+00
 5.95000000e-05 -1.03663087e+00
 5.97500000e-05 6.89330325e-01
 6.00000000e-05 4.18858541e-01
 6.02500000e-05 -2.03629156e-01
 6.05000000e-05 1.15274187e+00
 6.07500000e-05 -9.43984172e-01
 6.10000000e-05 3.37445944e-02
 6.12500000e-05 -2.34933230e+00
 6.15000000e-05 -1.61249828e+00
 6.17500000e-05 -1.76762509e+00
 6.20000000e-05 7.56104192e-01
 6.22500000e-05 9.21691034e-01
 6.25000000e-05 -4.81693241e-01
 6.27500000e-05 -5.33669898e-01
 6.30000000e-05 2.03903875e-01
 6.32500000e-05 -2.26653060e+00
 6.35000000e-05 -1.28239351e-02
 6.37500000e-05 1.45255901e+00
 6.40000000e-05 3.56567876e-01
 6.42500000e-05 -3.10379080e-02
 6.45000000e-05 -9.43715526e-01
 6.47500000e-05 -2.39623632e-02
 6.50000000e-05 -1.60434524e-01
 6.52500000e-05 -8.98658968e-01
 6.55000000e-05 -5.75633567e-01
 6.57500000e-05 3.39004612e-01
 6.60000000e-05 5.27498700e-01
 6.62500000e-05 -3.66962212e-01
 6.65000000e-05 3.66087887e-01
 6.67500000e-05 -4.11228657e-01
 6.70000000e-05 2.42959283e-01
 6.72500000e-05 -2.09670596e+00
 6.75000000e-05 3.42728392e-01
 6.77500000e-05 -6.38443335e-01
 6.80000000e-05 2.24244036e-01
 6.82500000e-05 1.38198872e+00
 6.85000000e-05 -9.02745764e-01
 6.87500000e-05 -2.05155728e+00
 6.90000000e-05 -3.66645552e-01
 6.92500000e-05 5.92535463e-01
 6.95000000e-05 -6.65812567e-01
 6.97500000e-05 2.12743653e+00
 7.00000000e-05 1.21169627e+00
 7.02500000e-05 2.98607654e-01
 7.05000000e-05 -1.07261165e+00
 7.07500000e-05 1.50942354e-01
 7.10000000e-05 -4.73187850e-01
 7.12500000e-05 -7.20181391e-01
 7.15000000e-05 1.32901556e+00
 7.17500000e-05 -2.89069334e-01
 7.20000000e-05 9.64558207e-01
 7.22500000e-05 -8.40403409e-01
 7.25000000e-05 -2.12929868e+00
 7.27500000e-05 -2.65062635e-01
 7.30000000e-05 -1.86157649e+00
 7.32500000e-05 2.83872940e-01
 7.35000000e-05 3.28180297e-01
 7.37500000e-05 -6.21700506e-01
 7.40000000e-05 8.91550501e-01
 7.42500000e-05 -1.31017933e-01
 7.45000000e-05 -1.23467949e+00
 7.47500000e-05 7.88748852e-01
 7.50000000e-05 1.00928947e+00
 7.52500000e-05 3.43566273e-01
 7.55000000e-05 3.71094976e-02
 7.57500000e-05 2.09513460e-01
 7.60000000e-05 1.07249889e+00
 7.62500000e-05 3.12234775e-01
 7.65000000e-05 -4.90293453e-01
 7.67500000e-05 2.97253270e-01
 7.70000000e-05 -1.17089753e+00
 7.72500000e-05 7.86222399e-01
 7.75000000e-05 1.54199012e-04
 7.77500000e-05 -8.62922063e-01
 7.80000000e-05 -1.03507807e+00
 7.82500000e-05 6.34309776e-02
 7.85000000e-05 3.12841191e+00
 7.87500000e-05 2.16615304e+00
 7.90000000e-05 2.11040647e+00
 7.92500000e-05 -1.86726130e+00
 7.95000000e-05 1.10450525e+00
 7.97500000e-05 6.60435540e-01
 8.00000000e-05 1.69595934e+00
 8.02500000e-05 -1.61928680e+00
 8.05000000e-05 -3.08997502e-01
 8.07500000e-05 4.07221408e-01
 8.10000000e-05 -4.52359533e-01
 8.12500000e-05 1.79532956e-01
 8.15000000e-05 4.61990848e-01
 8.17500000e-05 1.63633942e+00
 8.20000000e-05 -1.48295247e+00
 8.22500000e-05 -7.96418700e-01
 8.25000000e-05 -1.05982414e+00
 8.27500000e-05 7.02951344e-01
 8.30000000e-05 1.78388774e+00
 8.32500000e-05 -8.04152149e-01
 8.35000000e-05 2.92757036e-01
 8.37500000e-05 -5.26597584e-01
 8.40000000e-05 -7.50345380e-04
 8.42500000e-05 8.71098223e-02
 8.45000000e-05 -1.19102044e+00
 8.47500000e-05 -1.82600228e+00
 8.50000000e-05 2.82713705e-01
 8.52500000e-05 2.31549414e+00
 8.55000000e-05 -1.18814740e-01
 8.57500000e-05 -1.27251086e-01
 8.60000000e-05 -4.42726425e-02
 8.62500000e-05 -8.13159492e-01
 8.65000000e-05 -1.93938609e+00
 8.67500000e-05 4.98555032e-01
 8.70000000e-05 -1.43227788e-01
 8.72500000e-05 -1.99439403e-01
 8.75000000e-05 -3.25434286e-01
 8.77500000e-05 7.19482991e-01
 8.80000000e-05 9.71088856e-01
 8.82500000e-05 -1.28856137e-01
 8.85000000e-05 -5.26539590e-02
 8.87500000e-05 -8.51656762e-01
 8.90000000e-05 -1.47006318e+00
 8.92500000e-05 -4.29277630e-01
 8.95000000e-05 1.84126296e-01
 8.97500000e-05 7.86155390e-01
 9.00000000e-05 5.95144919e-01
 9.02500000e-05 7.89845296e-01
 9.05000000e-05 1.69641036e+00
 9.07500000e-05 4.80258389e-01
 9.10000000e-05 5.66781320e-01
 9.12500000e-05 -2.05580550e-01
 9.15000000e-05 -5.82109270e-01
 9.17500000e-05 5.49296200e-01
 9.20000000e-05 1.35061025e+00
 9.22500000e-05 -3.45908394e-01
 9.25000000e-05 -1.34522086e+00
 9.27500000e-05 -8.11456065e-01
 9.30000000e-05 -7.23784797e-01
 9.32500000e-05 1.62846801e-01
 9.35000000e-05 -8.13757196e-02
 9.37500000e-05 -2.42346883e+00
 9.40000000e-05 -9.23309741e-01
 9.42500000e-05 3.49738894e-01
 9.45000000e-05 -2.09244871e+00
 9.47500000e-05 -4.34244137e-01
 9.50000000e-05 -1.25052751e+00
 9.52500000e-05 2.32575535e-02
 9.55000000e-05 6.43694587e-01
 9.57500000e-05 -5.15724733e-01
 9.60000000e-05 5.39084243e-01
 9.62500000e-05 -1.66972533e+00
 9.65000000e-05 1.46309295e+00
 9.67500000e-05 -8.87676951e-01
 9.70000000e-05 2.18313008e-01
 9.72500000e-05 -1.10487208e+00
 9.75000000e-05 1.67850075e+00
 9.77500000e-05 3.89038222e-01
 9.80000000e-05 -4.19865182e-01
 9.82500000e-05 7.93450778e-02
 9.85000000e-05 1.13908903e-01
 9.87500000e-05 1.09911350e+00
 9.90000000e-05 -5.88895780e-02
 9.92500000e-05 -4.00288744e-01
 9.95000000e-05 -3.41885176e-01
 9.97500000e-05 9.99948394e-01
 1.00000000e-04 -5.84540884e-01
 1.00250000e-04 -8.25972074e-01
 1.00500000e-04 -3.39905847e-01
 1.00750000e-04 1.77697975e+00
 1.01000000e-04 -1.41960191e+00
 1.01250000e-04 2.16185076e+00
 1.01500000e-04 -1.34135774e+00
 1.01750000e-04 -4.16757026e-02
 1.02000000e-04 2.80618680e-01
 1.02250000e-04 -1.14901268e+00
 1.02500000e-04 -2.28226528e-01
 1.02750000e-04 1.88006535e+00
 1.03000000e-04 1.63372990e+00
 1.03250000e-04 2.01373827e+00
 1.03500000e-04 -8.94264874e-01
 1.03750000e-04 1.48995816e+00
 1.04000000e-04 9.24613480e-01
 1.04250000e-04 -2.05727191e-01
 1.04500000e-04 -6.12978517e-01
 1.04750000e-04 1.52525470e+00
 1.05000000e-04 1.59394224e+00
 1.05250000e-04 9.70837392e-02
 1.05500000e-04 9.15213006e-01
 1.05750000e-04 -2.87111947e-01
 1.06000000e-04 6.64795909e-01
 1.06250000e-04 -2.90764420e-01
 1.06500000e-04 -3.34397629e-01
 1.06750000e-04 -9.78493584e-01
 1.07000000e-04 4.96426876e-01
 1.07250000e-04 1.58861862e-01
 1.07500000e-04 3.50276935e-01
 1.07750000e-04 1.31917662e+00
 1.08000000e-04 6.69483731e-01
 1.08250000e-04 -2.35208898e-01
 1.08500000e-04 6.03162565e-01
 1.08750000e-04 -8.07232614e-01
 1.09000000e-04 -1.34081812e-02
 1.09250000e-04 -7.47468472e-01
 1.09500000e-04 -2.21768605e-01
 1.09750000e-04 -7.61355954e-01
 1.10000000e-04 2.02354936e+00
 1.10250000e-04 6.12620423e-01
 1.10500000e-04 -6.00512732e-01
 1.10750000e-04 -1.65070139e+00
 1.11000000e-04 8.91714245e-02
 1.11250000e-04 9.45541042e-01
 1.11500000e-04 4.09768361e-02
 1.11750000e-04 4.79820974e-01
 1.12000000e-04 -1.22665984e-01
 1.12250000e-04 5.79362000e-01
 1.12500000e-04 8.61377384e-01
 1.12750000e-04 -8.07074737e-01
 1.13000000e-04 -8.11357967e-01
 1.13250000e-04 3.69119045e-01
 1.13500000e-04 -7.50821467e-01
 1.13750000e-04 9.49964358e-01
 1.14000000e-04 7.51032873e-01
 1.14250000e-04 1.44466843e+00
 1.14500000e-04 -1.17322722e+00
 1.14750000e-04 6.45118368e-02
 1.15000000e-04 -1.85231294e+00
 1.15250000e-04 2.29340828e-01
 1.15500000e-04 8.45808457e-01
 1.15750000e-04 1.52075591e+00
 1.16000000e-04 4.48857079e-01
 1.16250000e-04 2.51942368e-01
 1.16500000e-04 1.49796443e+00
 1.16750000e-04 1.93111012e+00
 1.17000000e-04 4.39047898e-02
 1.17250000e-04 1.95335343e+00
 1.17500000e-04 1.29692978e+00
 1.17750000e-04 -7.34200483e-01
 1.18000000e-04 -4.35030101e-01
 1.18250000e-04 7.61130723e-01
 1.18500000e-04 1.78074508e+00
 1.18750000e-04 1.90731915e+00
 1.19000000e-04 -1.04196144e+00
 1.19250000e-04 2.94871118e-01
 1.19500000e-04 -7.98315597e-01
 1.19750000e-04 -8.57867081e-01
 1.20000000e-04 -6.90666967e-01
 1.20250000e-04 6.46771035e-02
 1.20500000e-04 4.71122090e-01
 1.20750000e-04 1.55735552e+00
 1.21000000e-04 3.79126925e-01
 1.21250000e-04 1.19748830e+00
 1.21500000e-04 3.48296142e-01
 1.21750000e-04 2.04692527e+00
 1.22000000e-04 8.54464614e-01
 1.22250000e-04 7.14174742e-01
 1.22500000e-04 9.79055092e-01
 1.22750000e-04 -1.58090188e+00
 1.23000000e-04 -5.17566018e-01
 1.23250000e-04 -2.91431554e-02
 1.23500000e-04 -6.73675810e-01
 1.23750000e-04 -7.64032810e-01
 1.24000000e-04 -4.05950230e-01
 1.24250000e-04 1.49291075e-01
 1.24500000e-04 -9.38643506e-02
 1.24750000e-04 1.02225656e+00
 1.25000000e-04 -1.44670391e+00
 1.25250000e-04 -1.14396259e+00
 1.25500000e-04 -7.63930014e-02
 1.25750000e-04 -8.31752110e-01
 1.26000000e-04 -4.56067457e-01
 1.26250000e-04 -9.20495959e-02
 1.26500000e-04 -1.43737535e+00
 1.26750000e-04 2.70431416e-01
 1.27000000e-04 3.47617822e-02
 1.27250000e-04 9.07557444e-01
 1.27500000e-04 -7.14053021e-02
 1.27750000e-04 1.21453581e+00
 1.28000000e-04 5.57636778e-02
 1.28250000e-04 1.65365200e-01
 1.28500000e-04 -3.49780233e-01
 1.28750000e-04 1.65917116e-01
 1.29000000e-04 2.48018722e-01
 1.29250000e-04 1.07347152e+00
 1.29500000e-04 1.83374171e+00
 1.29750000e-04 -3.55202204e-01
 1.30000000e-04 1.12333755e+00
 1.30250000e-04 -6.85207815e-01
 1.30500000e-04 1.01677572e-01
 1.30750000e-04 -1.41281509e-01
 1.31000000e-04 -1.88920275e-01
 1.31250000e-04 9.81473496e-01
 1.31500000e-04 1.75691408e-01
 1.31750000e-04 1.14094667e+00
 1.32000000e-04 1.13158805e-01
 1.32250000e-04 -7.08474682e-01
 1.32500000e-04 1.93466638e-01
 1.32750000e-04 9.62075433e-01
 1.33000000e-04 -8.58286254e-01
 1.33250000e-04 4.23071168e-01
 1.33500000e-04 -9.73915830e-02
 1.33750000e-04 9.55126418e-01
 1.34000000e-04 -1.16343133e+00
 1.34250000e-04 2.44392742e+00
 1.34500000e-04 -9.65409175e-02
 1.34750000e-04 1.18512097e+00
 1.35000000e-04 -3.31690119e-01
 1.35250000e-04 -1.95501418e+00
 1.35500000e-04 1.04560680e+00
 1.35750000e-04 -5.04495830e-02
 1.36000000e-04 -8.91782132e-01
 1.36250000e-04 -1.65930847e+00
 1.36500000e-04 -5.16026378e-01
 1.36750000e-04 1.73246391e-01
 1.37000000e-04 1.24125543e+00
 1.37250000e-04 1.02533664e+00
 1.37500000e-04 -1.42597743e+00
 1.37750000e-04 7.36818316e-02
 1.38000000e-04 9.84423739e-01
 1.38250000e-04 1.30081453e+00
 1.38500000e-04 -1.16695716e-01
 1.38750000e-04 -7.17006543e-01
 1.39000000e-04 -4.03504570e-01
 1.39250000e-04 5.84139823e-01
 1.39500000e-04 -3.75968685e-01
 1.39750000e-04 3.27558389e-01
 1.40000000e-04 1.16373047e+00
 1.40250000e-04 -7.70302857e-01
 1.40500000e-04 -4.04533472e-01
 1.40750000e-04 -2.79496449e-01
 1.41000000e-04 -1.29595201e+00
 1.41250000e-04 4.42335557e-01
 1.41500000e-04 -3.28220763e+00
 1.41750000e-04 -4.18628864e-01
 1.42000000e-04 -1.20022991e+00
 1.42250000e-04 -1.30025141e-02
 1.42500000e-04 -9.43962017e-02
 1.42750000e-04 -2.06540515e+00
 1.43000000e-04 1.11528487e+00
 1.43250000e-04 -1.58660296e+00
 1.43500000e-04 1.22880202e+00
 1.43750000e-04 1.80275476e+00
 1.44000000e-04 5.84187473e-01
 1.44250000e-04 -1.76559266e-01
 1.44500000e-04 4.62327773e-01
 1.44750000e-04 -7.40437786e-01
 1.45000000e-04 -6.22540272e-01
 1.45250000e-04 -9.93945934e-01
 1.45500000e-04 -1.14717088e-01
 1.45750000e-04 4.82047757e-01
 1.46000000e-04 -7.00694119e-01
 1.46250000e-04 -1.79117051e+00
 1.46500000e-04 -2.67512124e-01
 1.46750000e-04 7.56540526e-01
 1.47000000e-04 -2.77692630e-01
 1.47250000e-04 -8.30791862e-01
 1.47500000e-04 1.57814172e+00
 1.47750000e-04 1.17375144e+00
 1.48000000e-04 9.41714198e-01
 1.48250000e-04 1.09455022e-01
 1.48500000e-04 8.13966313e-01
 1.48750000e-04 5.97394879e-02
 1.49000000e-04 -1.32670459e-02
 1.49250000e-04 2.79275720e-01
 1.49500000e-04 1.10071074e+00
 1.49750000e-04 -1.13840650e-01
 1.50000000e-04 1.51838044e+00
 1.50250000e-04 5.21726030e-01
 1.50500000e-04 -3.21008444e+00
 1.50750000e-04 1.40734604e+00
 1.51000000e-04 9.53358715e-01
 1.51250000e-04 1.60500493e+00
 1.51500000e-04 1.33263091e+00
 1.51750000e-04 1.31825981e-01
 1.52000000e-04 -2.15933059e+00
 1.52250000e-04 -1.51653111e-01
 1.52500000e-04 1.08057986e+00
 1.52750000e-04 6.37670770e-01
 1.53000000e-04 5.13598975e-01
 1.53250000e-04 7.38423389e-01
 1.53500000e-04 5.57029338e-01
 1.53750000e-04 -7.14007290e-01
 1.54000000e-04 -2.70054788e+00
 1.54250000e-04 1.30842939e+00
 1.54500000e-04 1.52850068e+00
 1.54750000e-04 3.05940749e-01
 1.55000000e-04 2.95905932e+00
 1.55250000e-04 -6.27722446e-01
 1.55500000e-04 -3.18570664e-01
 1.55750000e-04 -1.36530950e-01
 1.56000000e-04 5.09383790e-01
 1.56250000e-04 -5.22759902e-01
 1.56500000e-04 -5.54361645e-01
 1.56750000e-04 1.12651123e+00
 1.57000000e-04 9.68466780e-02
 1.57250000e-04 -4.57025457e-02
 1.57500000e-04 3.37561459e-01
 1.57750000e-04 -1.39704117e+00
 1.58000000e-04 1.86592622e-01
 1.58250000e-04 1.64418704e+00
 1.58500000e-04 2.05364699e-01
 1.58750000e-04 4.23630014e-01
 1.59000000e-04 -1.51495852e+00
 1.59250000e-04 -7.74018087e-01
 1.59500000e-04 5.58455800e-01
 1.59750000e-04 1.42815373e-01
 1.60000000e-04 3.42860423e-01
 1.60250000e-04 -1.61531377e+00
 1.60500000e-04 3.79406245e-01
 1.60750000e-04 -1.23886816e+00
 1.61000000e-04 -1.26514291e+00
 1.61250000e-04 3.31816489e-01
 1.61500000e-04 -1.87495977e+00
 1.61750000e-04 -2.25909025e+00
 1.62000000e-04 5.54066003e-01
 1.62250000e-04 -5.66416214e-01
 1.62500000e-04 1.06199416e+00
 1.62750000e-04 7.78465880e-01
 1.63000000e-04 -1.45032219e+00
 1.63250000e-04 -1.14191317e+00
 1.63500000e-04 -3.42214926e-01
 1.63750000e-04 -2.49838398e-02
 1.64000000e-04 -3.54377831e-01
 1.64250000e-04 -6.37309233e-01
 1.64500000e-04 7.50836246e-02
 1.64750000e-04 -1.04065014e+00
 1.65000000e-04 -2.35791684e-02
 1.65250000e-04 3.23793866e-01
 1.65500000e-04 -5.26271859e-01
 1.65750000e-04 3.05641268e-01
 1.66000000e-04 -1.87526069e+00
 1.66250000e-04 -2.68839232e-01
 1.66500000e-04 8.97580257e-01
 1.66750000e-04 -6.06068649e-01
 1.67000000e-04 -9.81118902e-01
 1.67250000e-04 -7.73539723e-01
 1.67500000e-04 4.42924823e-01
 1.67750000e-04 5.56368803e-01
 1.68000000e-04 -8.78557316e-01
 1.68250000e-04 1.32125383e+00
 1.68500000e-04 -4.47460261e-01
 1.68750000e-04 -1.42751706e-01
 1.69000000e-04 -7.17058629e-01
 1.69250000e-04 -2.17781823e-01
 1.69500000e-04 -1.89088402e-01
 1.69750000e-04 3.67257789e-01
 1.70000000e-04 5.96221272e-01
 1.70250000e-04 -1.27771943e+00
 1.70500000e-04 -4.40832753e-01
 1.70750000e-04 -9.80043455e-01
 1.71000000e-04 -2.42930571e-01
 1.71250000e-04 -2.52817387e+00
 1.71500000e-04 1.21731612e+00
 1.71750000e-04 -5.49666064e-01
 1.72000000e-04 1.85188672e+00
 1.72250000e-04 -1.81525279e+00
 1.72500000e-04 1.00565492e+00
 1.72750000e-04 -1.27135425e+00
 1.73000000e-04 -4.80196046e-01
 1.73250000e-04 6.44555042e-03
 1.73500000e-04 -7.94186178e-01
 1.73750000e-04 2.52462116e-01
 1.74000000e-04 -3.24967047e-01
 1.74250000e-04 -3.53095597e-01
 1.74500000e-04 -1.97714725e+00
 1.74750000e-04 5.29015722e-01
 1.75000000e-04 -2.35990816e-01
 1.75250000e-04 1.36155286e+00
 1.75500000e-04 4.95267406e-02
 1.75750000e-04 -1.14802061e+00
 1.76000000e-04 9.40280000e-01
 1.76250000e-04 1.18485658e+00
 1.76500000e-04 -5.23128224e-01
 1.76750000e-04 1.28814312e+00
 1.77000000e-04 -3.78948013e-01
 1.77250000e-04 1.26470134e+00
 1.77500000e-04 -1.49230131e+00
 1.77750000e-04 -2.62457500e-01
 1.78000000e-04 -6.31107982e-01
 1.78250000e-04 8.87286766e-01
 1.78500000e-04 5.16035320e-01
 1.78750000e-04 -1.03385634e+00
 1.79000000e-04 -4.78324418e-01
 1.79250000e-04 -6.55082806e-01
 1.79500000e-04 -7.60176276e-01
 1.79750000e-04 -1.08224131e+00
 1.80000000e-04 -7.91182206e-01
 1.80250000e-04 -2.45043864e-01
 1.80500000e-04 -8.33402490e-01
 1.80750000e-04 2.14477629e-02
 1.81000000e-04 2.96943326e-01
 1.81250000e-04 -3.48214061e-01
 1.81500000e-04 -1.24687934e+00
 1.81750000e-04 1.73163211e+00
 1.82000000e-04 9.28909185e-01
 1.82250000e-04 -2.28171074e-01
 1.82500000e-04 -6.08383956e-01
 1.82750000e-04 5.39033135e-01
 1.83000000e-04 -7.49634481e-01
 1.83250000e-04 3.87812765e-01
 1.83500000e-04 -9.69415039e-01
 1.83750000e-04 1.29129545e-01
 1.84000000e-04 8.19258866e-03
 1.84250000e-04 2.27072717e-01
 1.84500000e-04 1.36205547e-02
 1.84750000e-04 3.75089227e-01
 1.85000000e-04 -2.77032945e-01
 1.85250000e-04 6.85863100e-01
 1.85500000e-04 -1.93685595e-01
 1.85750000e-04 -1.82809431e-01
 1.86000000e-04 2.96747932e-01
 1.86250000e-04 -3.44822909e-01
 1.86500000e-04 7.08573814e-01
 1.86750000e-04 -1.30804941e-01
 1.87000000e-04 -4.87181692e-01
 1.87250000e-04 5.03561929e-01
 1.87500000e-04 1.50878002e-01
 1.87750000e-04 -1.26176088e-01
 1.88000000e-04 9.54811434e-01
 1.88250000e-04 -1.52629306e+00
 1.88500000e-04 9.87331837e-01
 1.88750000e-04 -6.25301178e-01
 1.89000000e-04 -4.51470563e-01
 1.89250000e-04 -1.61461274e+00
 1.89500000e-04 1.55436040e+00
 1.89750000e-04 8.74634931e-01
 1.90000000e-04 8.25348770e-01
 1.90250000e-04 -1.65231367e+00
 1.90500000e-04 -8.52981507e-01
 1.90750000e-04 9.00945817e-01
 1.91000000e-04 -1.61889147e-01
 1.91250000e-04 6.36979765e-01
 1.91500000e-04 5.25880479e-01
 1.91750000e-04 -1.47291945e+00
 1.92000000e-04 3.05053049e-01
 1.92250000e-04 1.81240157e-01
 1.92500000e-04 1.26970511e+00
 1.92750000e-04 -7.18931042e-01
 1.93000000e-04 -1.16869480e+00
 1.93250000e-04 4.55035839e-01
 1.93500000e-04 2.66105257e-01
 1.93750000e-04 3.56009722e-01
 1.94000000e-04 -1.40738124e+00
 1.94250000e-04 -5.13326249e-01
 1.94500000e-04 -2.49436451e-01
 1.94750000e-04 -2.31893024e-01
 1.95000000e-04 -2.58100312e-01
 1.95250000e-04 -6.97627614e-01
 1.95500000e-04 -1.16535262e+00
 1.95750000e-04 6.04889808e-01
 1.96000000e-04 1.90143427e+00
 1.96250000e-04 1.39580307e+00
 1.96500000e-04 8.81377738e-01
 1.96750000e-04 -1.13387520e-02
 1.97000000e-04 -7.68863876e-01
 1.97250000e-04 -7.57055605e-01
 1.97500000e-04 -2.34267710e-01
 1.97750000e-04 1.75768329e+00
 1.98000000e-04 4.02359610e-01
 1.98250000e-04 5.61676899e-01
 1.98500000e-04 2.66041354e-01
 1.98750000e-04 -8.79570023e-01
 1.99000000e-04 9.41582282e-01
 1.99250000e-04 -2.17313653e-01
 1.99500000e-04 7.94118151e-01
 1.99750000e-04 -2.32896979e-01
 2.00000000e-04 4.18068003e-01
 2.00250000e-04 7.02842613e-01
 2.00500000e-04 9.36830340e-03
 2.00750000e-04 -5.80208237e-01
 2.01000000e-04 -7.00650035e-01
 2.01250000e-04 -2.00576033e-03
 2.01500000e-04 -5.29848262e-01
 2.01750000e-04 -5.16473661e-01
 2.02000000e-04 2.42004433e+00
 2.02250000e-04 3.12793698e-01
 2.02500000e-04 3.42970049e-01
 2.02750000e-04 4.32257180e-01
 2.03000000e-04 8.05945420e-01
 2.03250000e-04 2.51366094e+00
 2.03500000e-04 3.64155813e-01
 2.03750000e-04 4.68362798e-01
 2.04000000e-04 2.88277444e-02
 2.04250000e-04 -1.56250561e+00
 2.04500000e-04 9.68688881e-01
 2.04750000e-04 -1.58834268e+00
 2.05000000e-04 1.61587841e-01
 2.05250000e-04 -3.12910750e-01
 2.05500000e-04 6.44453585e-01
 2.05750000e-04 1.67646949e+00
 2.06000000e-04 -1.33833974e-01
 2.06250000e-04 5.28662824e-01
 2.06500000e-04 1.30649258e+00
 2.06750000e-04 7.21056251e-01
 2.07000000e-04 -1.79627088e+00
 2.07250000e-04 -9.23054143e-01
 2.07500000e-04 2.22092268e+00
 2.07750000e-04 1.75048992e-01
 2.08000000e-04 -5.17376026e-01
 2.08250000e-04 5.73914995e-03
 2.08500000e-04 -1.16309564e-01
 2.08750000e-04 7.84579581e-02
 2.09000000e-04 1.12374782e-01
 2.09250000e-04 -6.81169008e-01
 2.09500000e-04 -1.35703680e+00
 2.09750000e-04 2.04759091e+00
 2.10000000e-04 3.67931503e-01
 2.10250000e-04 7.48125008e-01
 2.10500000e-04 -5.82983331e-01
 2.10750000e-04 -1.48058646e+00
 2.11000000e-04 6.18268374e-01
 2.11250000e-04 -1.44327909e+00
 2.11500000e-04 -1.37319163e+00
 2.11750000e-04 6.40653922e-01
 2.12000000e-04 2.22423768e+00
 2.12250000e-04 -4.84432567e-01
 2.12500000e-04 7.51241765e-02
 2.12750000e-04 -7.66379948e-01
 2.13000000e-04 -8.60531386e-01
 2.13250000e-04 -7.94389288e-01
 2.13500000e-04 -8.36165193e-01
 2.13750000e-04 -1.12653586e+00
 2.14000000e-04 1.40109537e-01
 2.14250000e-04 -4.55921302e-01
 2.14500000e-04 4.03500663e-01
 2.14750000e-04 7.32580069e-01
 2.15000000e-04 -1.03069511e+00
 2.15250000e-04 -9.89961767e-01
 2.15500000e-04 -5.67304856e-01
 2.15750000e-04 2.15892683e-02
 2.16000000e-04 8.04094000e-01
 2.16250000e-04 -3.36907065e-01
 2.16500000e-04 6.97643209e-01
 2.16750000e-04 -1.40681874e+00
 2.17000000e-04 1.95608429e-01
 2.17250000e-04 -6.35893022e-01
 2.17500000e-04 1.33765370e+00
 2.17750000e-04 9.86414334e-01
 2.18000000e-04 7.84299791e-01
 2.18250000e-04 -1.17402296e-01
 2.18500000e-04 3.06419530e-01
 2.18750000e-04 -5.79853537e-01
 2.19000000e-04 -8.69798368e-01
 2.19250000e-04 1.20662683e-01
 2.19500000e-04 -2.56859460e-01
 2.19750000e-04 -5.89821981e-01
 2.20000000e-04 7.53137878e-01
 2.20250000e-04 -8.54392674e-01
 2.20500000e-04 5.73459710e-01
 2.20750000e-04 9.73629319e-01
 2.21000000e-04 -1.24567868e+00
 2.21250000e-04 1.69144414e-01
 2.21500000e-04 9.77968256e-01
 2.21750000e-04 -1.24831893e+00
 2.22000000e-04 1.47255944e+00
 2.22250000e-04 -1.75637361e+00
 2.22500000e-04 -9.86133347e-01
 2.22750000e-04 4.75866423e-01
 2.23000000e-04 3.38665407e-01
 2.23250000e-04 2.38818816e-01
 2.23500000e-04 1.82570429e+00
 2.23750000e-04 -1.30847174e+00
 2.24000000e-04 -9.31319354e-01
 2.24250000e-04 -1.47050042e+00
 2.24500000e-04 2.13806698e+00
 2.24750000e-04 -6.26550540e-01
 2.25000000e-04 1.50058112e-01
 2.25250000e-04 -2.24914313e+00
 2.25500000e-04 -3.21820928e-02
 2.25750000e-04 1.04328384e+00
 2.26000000e-04 1.93019357e+00
 2.26250000e-04 -1.12204115e+00
 2.26500000e-04 1.29419107e+00
 2.26750000e-04 -7.03674873e-01
 2.27000000e-04 -2.29620127e-01
 2.27250000e-04 -9.64199254e-02
 2.27500000e-04 -7.18617504e-01
 2.27750000e-04 -2.01957718e+00
 2.28000000e-04 -1.05752893e+00
 2.28250000e-04 -1.39653080e+00
 2.28500000e-04 -1.16050931e-01
 2.28750000e-04 -1.59606150e-01
 2.29000000e-04 1.56540360e+00
 2.29250000e-04 -1.67985589e-01
 2.29500000e-04 -1.24939655e+00
 2.29750000e-04 9.50420347e-01
 2.30000000e-04 2.71950714e-01
 2.30250000e-04 4.97576137e-01
 2.30500000e-04 -1.43408384e+00
 2.30750000e-04 1.62513183e+00
 2.31000000e-04 -4.07757388e-01
 2.31250000e-04 -1.10560073e+00
 2.31500000e-04 3.69447504e-01
 2.31750000e-04 8.29873744e-02
 2.32000000e-04 -6.43683399e-01
 2.32250000e-04 -9.69474107e-03
 2.32500000e-04 -3.80247343e-01
 2.32750000e-04 -5.03814878e-01
 2.33000000e-04 7.34528361e-01
 2.33250000e-04 -1.56333484e+00
 2.33500000e-04 -1.69931660e+00
 2.33750000e-04 1.11340750e+00
 2.34000000e-04 -9.56600738e-01
 2.34250000e-04 -4.70733232e-01
 2.34500000e-04 7.14786502e-01
 2.34750000e-04 1.86380221e-01
 2.35000000e-04 -9.06038430e-01
 2.35250000e-04 3.82034832e-01
 2.35500000e-04 3.00451346e-01
 2.35750000e-04 -1.24829914e+00
 2.36000000e-04 1.04282406e+00
 2.36250000e-04 7.40717182e-01
 2.36500000e-04 -1.66034920e+00
 2.36750000e-04 9.19573681e-01
 2.37000000e-04 -5.42523610e-01
 2.37250000e-04 -1.13050517e+00
 2.37500000e-04 -2.79909347e+00
 2.37750000e-04 4.48849089e-02
 2.38000000e-04 8.17213075e-01
 2.38250000e-04 -1.17736488e+00
 2.38500000e-04 7.01902523e-01
 2.38750000e-04 -2.64215957e-01
 2.39000000e-04 7.89702304e-01
 2.39250000e-04 -1.81719832e+00
 2.39500000e-04 1.19791720e+00
 2.39750000e-04 -1.22285957e+00
 2.40000000e-04 -1.32796760e+00
 2.40250000e-04 7.36364556e-01
 2.40500000e-04 2.18112261e+00
 2.40750000e-04 -8.47959615e-01
 2.41000000e-04 4.58886229e-01
 2.41250000e-04 -5.98523496e-01
 2.41500000e-04 -9.21079961e-01
 2.41750000e-04 8.51143568e-01
 2.42000000e-04 -1.61920937e-01
 2.42250000e-04 -9.63706704e-01
 2.42500000e-04 2.20783838e+00
 2.42750000e-04 -1.77908292e-01
 2.43000000e-04 -1.34251290e+00
 2.43250000e-04 1.23425567e+00
 2.43500000e-04 -1.38001062e+00
 2.43750000e-04 -2.11332619e+00
 2.44000000e-04 4.13278680e-01
 2.44250000e-04 -4.77093832e-01
 2.44500000e-04 6.20649498e-02
 2.44750000e-04 -5.08874824e-01
 2.45000000e-04 -8.84589292e-02
 2.45250000e-04 7.51002885e-01
 2.45500000e-04 1.50425262e-01
 2.45750000e-04 1.49188735e+00
 2.46000000e-04 -2.78363404e-01
 2.46250000e-04 3.32710276e-01
 2.46500000e-04 4.94495084e-01
 2.46750000e-04 -4.62885393e-01
 2.47000000e-04 -8.32564514e-01
 2.47250000e-04 -2.22111700e+00
 2.47500000e-04 7.63736537e-01
 2.47750000e-04 2.10969375e-01
 2.48000000e-04 -1.61132197e-01
 2.48250000e-04 -7.75915603e-01
 2.48500000e-04 1.09783454e+00
 2.48750000e-04 5.54711496e-01
 2.49000000e-04 -6.55149236e-01
 2.49250000e-04 4.26608113e-01
 2.49500000e-04 -1.19577596e+00
 2.49750000e-04 1.52455239e+00
